4167
-21043
18554
26469
14622
1554
-22593
-14208
10696
9159
5708
-6464
1798
22183
-1877
-32012
18859
-24602
-19724
30227
4453
13084
-32594
-4398
-4537
17292
-22709
-5244
3756
20379
-31259
23838
-31528
22911
-22830
-757
-14400
-10191
19570
2143
-23362
-21200
-3910
9657
-11595
17287
-31154
11304
3725
-30589
15874
8429
-6713
17076
19441
-16087
13605
17420
-31520
27566
29111
-14417
-19957
-14654
-18583
4792
11968
29491
15980
15343
-11647
-1598
4302
19482
24996
27889
23046
22607
-11525
15341
30496
-4475
11384
-23546
30540
23196
-13903
23712
10023
-19975
5641
-5949
22097
-5867
15809
20789
-21109
17736
-18653
14500
-12894
17441
-7902
32325
7068
-21202
28515
-751
15250
1430
-13032
-19651
12172
-14471
-24815
-6676
-20450
24608
-612
1380
6467
-30852
-12265
31431
-12209
-5697
-18129
-30311
-32295
-25815
-28092
-25124
-23969
-12887
-12072
1256
8196
8337
16601
29412
3785
-10422
6990
-21758
1899
14712
4753
4724
-28235
-1656
20269
17696
15531
12839
-10511
15974
-13121
-7088
12334
16775
2993
-17607
-28918
-12124
-20141
-22472
-12559
1758
-5719
9372
-17900
20420
-12692
-3849
-14712
-1567
2664
16455
10478
15780
-6262
272
-5786
-3298
4490
-31776
-18175
-15170
-32375
3800
-15318
-24823
401
5593
-28384
-25262
13451
-12439
-17793
-22159
-1967
31429
13325
27033
-11803
-8365
-31252
12983
-25639
-23840
-861
2561
-8370
16759
-2051
-7674
-10888
-22254
-13864
30613
-6325
-19088
-18656
-32281
24453
17059
-9205
21384
3894
-14151
-8968
2795
-11248
11851
23151
11919
-6677
-26417
12871
2224
-29878
27355
24708
-29961
16145
-28926
-24209
29077
10933
-7383
28097
-22796
-25278
10057
16406
-30046
29059
-32064
-6536
-20445
-20901
-26324
5144
18290
-24332
-19105
17977
20336
27675
29719
-11793
30718
-5159
-16217
-8340
6664
16973
-234
-7578
31442
30640
-4581
11564
-16248
1112
16883
-7653
11442
-27970
-7684
9944
26041
21844
9804
-32395
-2774
28263
13843
8929
8878
-4549
19448
-27958
-9656
29746
-17891
-26729
-194
2812
13985
-24923
14079
-18156
-27110
30039
-8423
-11467
13540
28492
9143
-9086
-22865
65
-19427
-20006
8282
7325
-15262
-15974
16278
-18137
-28668
-17328
8956
-2460
56
-26389
24688
24751
-23138
-1249
-21038
-23047
21594
-451
7741
28906
9687
28697
-27163
-10816
-566
-26487
16565
15890
8664
-5141
26707
20511
19795
-28808
-7065
5641
-11944
-22253
-7585
-24825
17578
2949
20911
-13970
16140
15944
8312
-6420
-32220
-2629
-19008
15719
16530
15787
-7021
27222
18946
-12272
-23447
-11880
13577
-7173
20049
-21103
-747
11837
-7947
-18496
26484
-3044
7590
-21937
-483
4497
24841
-15578
-17560
-24811
-6339
5641
-15268
27990
20799
1768
30755
26767
-31653
27677
5561
24118
27321
-25994
-20717
-2151
21759
20467
-8167
23878
-16851
22578
26048
13915
-22114
-31413
-7085
-5309
30500
-4126
-17776
10929
-5894
28617
-1889
28242
2706
2340
8345
18683
29349
-17495
10951
-21096
-13990
6135
-27644
32457
-2881
622
-27432
-6623
26040
12990
-29863
16161
-17099
-12896
-30293
3414
-28001
-5503
-24380
-28801
-20497
21633
-3720
-17210
20466
-22135
21450
6470
25174
5246
-31734
-29913
-21187
19147
23727
-4140
12477
-7834
-19722
2806
-23527
15148
-13503
-8762
-13900
9783
5936
28566
5663
22960
23175
26123
-28020
5485
-21430
6499
-10978
30244
22629
27227
-18102
-30747
-21216
-12517
-6518
11457
15905
5550
-30806
31074
11701
694
-945
-32413
25034
8290
4641
16641
-10770
