4167
-21043
18554
26469
14622
1554
-22593
-14208
10696
9159
5708
-6464
1798
22183
-1877
-32012
-1877
22183
1798
-6464
5708
9159
10696
-14208
-22593
1554
14622
26469
18554
-21043
4167
18859
-24602
-19724
30227
4453
13084
-32594
-4398
-4537
17292
-22709
-5244
3756
20379
-31259
23838
-31259
20379
3756
-5244
-22709
17292
-4537
-4398
-32594
13084
4453
30227
-19724
-24602
18859
-31528
22911
-22830
-757
-14400
-10191
19570
2143
-23362
-21200
-3910
9657
-11595
17287
-31154
11304
-31154
17287
-11595
9657
-3910
-21200
-23362
2143
19570
-10191
-14400
-757
-22830
22911
-31528
3725
-30589
15874
8429
-6713
17076
19441
-16087
13605
17420
-31520
27566
29111
-14417
-19957
-14654
-19957
-14417
29111
27566
-31520
17420
13605
-16087
19441
17076
-6713
8429
15874
-30589
3725
-18583
4792
11968
29491
15980
15343
-11647
-1598
4302
19482
24996
27889
23046
22607
-11525
15341
-11525
22607
23046
27889
24996
19482
4302
-1598
-11647
15343
15980
29491
11968
4792
-18583
30496
-4475
11384
-23546
30540
23196
-13903
23712
10023
-19975
5641
-5949
22097
-5867
15809
20789
15809
-5867
22097
-5949
5641
-19975
10023
23712
-13903
23196
30540
-23546
11384
-4475
30496
-21109
17736
-18653
14500
-12894
17441
-7902
32325
7068
-21202
28515
-751
15250
1430
-13032
-19651
-13032
1430
15250
-751
28515
-21202
7068
32325
-7902
17441
-12894
14500
-18653
17736
-21109
12172
-14471
-24815
-6676
-20450
24608
-612
1380
6467
-30852
-12265
31431
-12209
-5697
-18129
-30311
-18129
-5697
-12209
31431
-12265
-30852
6467
1380
-612
24608
-20450
-6676
-24815
-14471
12172
-32295
-25815
-28092
-25124
-23969
-12887
-12072
1256
8196
8337
16601
29412
3785
-10422
6990
-21758
6990
-10422
3785
29412
16601
8337
8196
1256
-12072
-12887
-23969
-25124
-28092
-25815
-32295
1899
14712
4753
4724
-28235
-1656
20269
17696
15531
12839
-10511
15974
-13121
-7088
12334
16775
12334
-7088
-13121
15974
-10511
12839
15531
17696
20269
-1656
-28235
4724
4753
14712
1899
2993
-17607
-28918
-12124
-20141
-22472
-12559
1758
-5719
9372
-17900
20420
-12692
-3849
-14712
-1567
-14712
-3849
-12692
20420
-17900
9372
-5719
1758
-12559
-22472
-20141
-12124
-28918
-17607
2993
2664
16455
10478
15780
-6262
272
-5786
-3298
4490
-31776
-18175
-15170
-32375
3800
-15318
-24823
-15318
3800
-32375
-15170
-18175
-31776
4490
-3298
-5786
272
-6262
15780
10478
16455
2664
401
5593
-28384
-25262
13451
-12439
-17793
-22159
-1967
31429
13325
27033
-11803
-8365
-31252
12983
-31252
-8365
-11803
27033
13325
31429
-1967
-22159
-17793
-12439
13451
-25262
-28384
5593
401
-25639
-23840
-861
2561
-8370
16759
-2051
-7674
-10888
-22254
-13864
30613
-6325
-19088
-18656
-32281
-18656
-19088
-6325
30613
-13864
-22254
-10888
-7674
-2051
16759
-8370
2561
-861
-23840
-25639
24453
17059
-9205
21384
3894
-14151
-8968
2795
-11248
11851
23151
11919
-6677
-26417
12871
2224
12871
-26417
-6677
11919
23151
11851
-11248
2795
-8968
-14151
3894
21384
-9205
17059
24453
-29878
27355
24708
-29961
16145
-28926
-24209
29077
10933
-7383
28097
-22796
-25278
10057
16406
-30046
16406
10057
-25278
-22796
28097
-7383
10933
29077
-24209
-28926
16145
-29961
24708
27355
-29878
29059
-32064
-6536
-20445
-20901
-26324
5144
18290
-24332
-19105
17977
20336
27675
29719
-11793
30718
-11793
29719
27675
20336
17977
-19105
-24332
18290
5144
-26324
-20901
-20445
-6536
-32064
29059
-5159
-16217
-8340
6664
16973
-234
-7578
31442
30640
-4581
11564
-16248
1112
16883
-7653
11442
-7653
16883
1112
-16248
11564
-4581
30640
31442
-7578
-234
16973
6664
-8340
-16217
-5159
-27970
-7684
9944
26041
21844
9804
-32395
-2774
28263
13843
8929
8878
-4549
19448
-27958
-9656
-27958
19448
-4549
8878
8929
13843
28263
-2774
-32395
9804
21844
26041
9944
-7684
-27970
29746
-17891
-26729
-194
2812
13985
-24923
14079
-18156
-27110
30039
-8423
-11467
13540
28492
9143
28492
13540
-11467
-8423
30039
-27110
-18156
14079
-24923
13985
2812
-194
-26729
-17891
29746
-9086
-22865
65
-19427
-20006
8282
7325
-15262
-15974
16278
-18137
-28668
-17328
8956
-2460
56
-2460
8956
-17328
-28668
-18137
16278
-15974
-15262
7325
8282
-20006
-19427
65
-22865
-9086
-26389
24688
24751
-23138
-1249
-21038
-23047
21594
-451
7741
28906
9687
28697
-27163
-10816
-566
-10816
-27163
28697
9687
28906
7741
-451
21594
-23047
-21038
-1249
-23138
24751
24688
-26389
-26487
16565
15890
8664
-5141
26707
20511
19795
-28808
-7065
5641
-11944
-22253
-7585
-24825
17578
-24825
-7585
-22253
-11944
5641
-7065
-28808
19795
20511
26707
-5141
8664
15890
16565
-26487
2949
20911
-13970
16140
15944
8312
-6420
-32220
-2629
-19008
15719
16530
15787
-7021
27222
18946
27222
-7021
15787
16530
15719
-19008
-2629
-32220
-6420
8312
15944
16140
-13970
20911
2949
-12272
-23447
-11880
13577
-7173
20049
-21103
-747
11837
-7947
-18496
26484
-3044
7590
-21937
-483
-21937
7590
-3044
26484
-18496
-7947
11837
-747
-21103
20049
-7173
13577
-11880
-23447
-12272
4497
24841
-15578
-17560
-24811
-6339
5641
-15268
27990
20799
1768
30755
26767
-31653
27677
5561
27677
-31653
26767
30755
1768
20799
27990
-15268
5641
-6339
-24811
-17560
-15578
24841
4497
24118
27321
-25994
-20717
-2151
21759
20467
-8167
23878
-16851
22578
26048
13915
-22114
-31413
-7085
-31413
-22114
13915
26048
22578
-16851
23878
-8167
20467
21759
-2151
-20717
-25994
27321
24118
-5309
30500
-4126
-17776
10929
-5894
28617
-1889
28242
2706
2340
8345
18683
29349
-17495
10951
-17495
29349
18683
8345
2340
2706
28242
-1889
28617
-5894
10929
-17776
-4126
30500
-5309
-21096
-13990
6135
-27644
32457
-2881
622
-27432
-6623
26040
12990
-29863
16161
-17099
-12896
-30293
-12896
-17099
16161
-29863
12990
26040
-6623
-27432
622
-2881
32457
-27644
6135
-13990
-21096
3414
-28001
-5503
-24380
-28801
-20497
21633
-3720
-17210
20466
-22135
21450
6470
25174
5246
-31734
5246
25174
6470
21450
-22135
20466
-17210
-3720
21633
-20497
-28801
-24380
-5503
-28001
3414
-29913
-21187
19147
23727
-4140
12477
-7834
-19722
2806
-23527
15148
-13503
-8762
-13900
9783
5936
9783
-13900
-8762
-13503
15148
-23527
2806
-19722
-7834
12477
-4140
23727
19147
-21187
-29913
28566
5663
22960
23175
26123
-28020
5485
-21430
6499
-10978
30244
22629
27227
-18102
-30747
-21216
-30747
-18102
27227
22629
30244
-10978
6499
-21430
5485
-28020
26123
23175
22960
5663
28566
-12517
-6518
11457
15905
5550
-30806
31074
11701
694
-945
-32413
25034
8290
4641
16641
-10770
16641
4641
8290
25034
-32413
-945
694
11701
31074
-30806
5550
15905
11457
-6518
-12517
