0 
0 
0 
0 
0 
0 
0 
0 
0 
0 
0 
0 
0 
0 
0 
0 
0 
0 
0 
0 
0 
0 
0 
0 
0 
0 
0 
0 
0 
0 
0 
2 
3 
0 
0 
0 
0 
0 
0 
0 
0 
0 
0 
0 
0 
0 
0 
0 
0 
0 
0 
0 
0 
0 
0 
0 
0 
0 
0 
0 
0 
0 
0 
-6845 
-2364 
15637 
-10750 
6704 
1507 
6756 
-16283 
-1242 
-6358 
-11457 
-15808 
-12528 
-2072 
4940 
-6708 
11628 
10985 
14400 
11459 
-15457 
-15928 
2989 
11438 
-5730 
-9067 
4677 
-3443 
-10799 
-12647 
3332 
0 
0 
0 
0 
0 
0 
0 
0 
0 
0 
0 
0 
0 
0 
0 
0 
0 
0 
0 
0 
0 
0 
0 
0 
0 
0 
0 
0 
0 
0 
0 
